小恐龙 1 1 10 10 0 体形虽然小，但性格凶暴。经常和同伴相争
黑魔族的幕帘 2 1 10 10 1 魔术师制作的窗帘。据说可以提升魔法师的力量
死者之腕 3 1 20 10 2 从混沌沼泽中伸出手腕，将生者拖入其中
恶魔海狸 4 1 20 10 3 拥有恶魔角与翅膀的海狸。投掷橡实果进行攻击
小天使 5 1 20 10 4 依靠灵活的行动躲避攻击的小天使
命运之蜡烛 6 1 0 10 5 指尖的火焰消失时，将决定对方的命运
雷云怪 7 1 20 10 6 带电的云形怪兽。下着能溶掉一切的危险之雨
复印者 8 1 10 10 7 变身成为各种敌人的模样，从而欺骗对方进行战斗的战士
雷电小子 9 1 20 10 8 在它的体内平时储蓄着雷电。因此当它哭泣时非常危险
海星葵 10 1 10 10 9 被污染的水源侵蚀而狂暴化的海星。从口中吐出溶解液攻击敌人
黑暗随从者 11 1 10 10 10 崇拜黑暗的魔法师。呼唤魔手将敌人拖入暗阴之中
暗黑杀手 12 1 10 10 0 挥动如镰刀般发达的手臂进行攻击
火炎草 13 1 10 10 1 在火山附近生存的草。从花内吹出来火焰攻击
巴比伦 14 1 10 10 2 长有独眼的巨大怪兽。从眼睛之中发出光线攻击
小龙 15 1 20 10 3 体型细小的龙。使上整个细小身体来进行攻击
火焰恶魔 16 1 10 10 4 手持炎之箭的死神，被其箭击中的话就会变成火人
恶魔之镜 17 1 10 20 5 对映在镜子上的东西施以催眠术，从而避开攻击的恶魔之镜
生命之沙漏 18 1 10 10 6 掌管生命的天使。通过削减自己的寿命将力量赋予他人
愤怒的海王 19 1 20 20 7 伟大的海之王。唤起永不停息的大海啸将敌人吞没
死亡之足 20 1 10 10 8 眼珠上长着脚的怪兽。高跳着用爪钩攻击
睡眠之子 21 1 10 10 9 孩子被梦魔所操控永远沉睡着不再醒来
鸭人 22 1 10 10 10 尾巴很长的鸟，从空中发起攻击
紫炎的影武者 23 1 10 10 0 侍奉着紫炎的影武者，持有锋利的名刀
暗黑灰羚 24 1 10 10 1 全身灰色的野兽，是非常少见的珍贵品种
彩虹鱼 25 1 10 20 2 非常珍奇的七色鱼，要捕捉它非常困难
猛犸的墓场 26 1 20 10 3 守护着伙伴墓地的猛犸，对于任何胆敢践踏墓地的盗墓者进行毫不客气的攻击
独眼巨人 27 1 20 10 4 只长有一只眼睛的巨人。利用巨腕殴打敌人，值得小心
小精怪 28 1 10 10 5 喜欢恶作剧的小恶魔，从黑暗中袭来。警惕
守城的翼龙 29 1 10 20 6 守护山寨的龙，从空中急速下降攻击敌人
大炮鸟 30 1 10 10 7 从口中打出炮弹攻击远处。在山上的炮击很强劲
恍惚的人鱼 31 1 10 10 8 诱惑海上航海者使之溺水的美丽人鱼
荒野盗龙 32 1 10 10 9 擅长奔跑的恐龙，利用尖锐的爪子进行攻击
魔人-泰拉 33 1 10 10 10 住在沼泽地的恶魔手下，看起来不怎么强，但绝不能对他轻心大意
泥浆兽 34 1 10 10 0 粘呼呼的令人感到恶心的怪兽。吐出剧毒的瓦斯进行攻击
卡库塔斯 35 1 10 10 1 潜在水中形状不明的怪兽
竖琴精灵 36 1 10 10 2 在天界弹奏竖琴的精灵。那音色使周围听众的心变得平静
兵主部 37 1 20 10 3 河童的首领，攻击力意外的高，守备力偏低
蜘蛛男 38 1 10 10 4 巨大的蜘蛛被赋予智慧的形态，通过吐丝将敌人的行动封锁
全息投影者 39 1 10 10 5 使人看见各种幻想、趁机进行攻击的机器
孤寂 40 1 10 10 6 下半身是鹿，持有吸收灵魂的大镰刀的兽战士
拉瓦斯 41 1 10 10 7 行动速度飞快的鸟怪，用细长的手腕将敌人绞杀
森之尸 42 1 10 10 8 森林守护神死后，被恶魔复活的尸体
魔加农 43 1 10 20 9 大炮状的恶魔。以飞快的速度发射眼球弹
食人花 44 1 10 10 10 吃人的人面花，用有毒的触手进行攻击
坚硬铠甲 45 1 0 30 0 拥有心灵的铠甲，坚硬的身体装备在战士身上		
杀人蜂 46 2 20 30 0 巨大的黄蜂，攻击出乎意料的强，若被群体攻击则非常危险
螳螂杀手 47 2 20 30 1 用两把镰刀袭击对方的一种人型螳螂怪兽
魔加农 48 2 30 20 2 大炮状的恶魔。以飞快的速度发射眼球弹
伏地龙 49 2 30 20 3 力量弱小无法飞天的龙，但攻击还是很强的
水之舞女 50 2 30 20 4 从瓶中不断流淌的水，变成龙的形状发动攻击
沙石怪 51 2 30 20 5 从地下突然出现在眼前，用触手做攻击
炎之魔神 52 2 20 20 6 被吞没在火中的魔人。运用自如地操纵周围的火焰攻击
恐龙人 53 2 30 20 7 人形的恐龙。虽然智慧很高，但攻击力却不怎么强劲
机械巨兵 54 2 30 30 8 巨斧的一击可以割开大地
尖刺海龙 55 2 30 20 9 用身体的刺攻击敌人，并能放出电流
女夜魔骑士 56 2 20 20 10 咏唱起魔法，给予对方血的祭礼的恶魔魔法战士
钢铁巨神像 57 2 20 40 0 据域是被机械帝国所祭奠着的钢铁的巨神像
路易斯 58 2 20 40 1 身体虽小，但在草原上具备高强的守备力
恶魔召唤 59 2 30 20 2 使用黑暗力量，迷惑人心的恶魔。在恶魔族中以相当强大的力量著称
特伦特 60 2 20 30 3 还在逐渐成长的大树，是森林的守护神
蟹蛛 61 2 30 20 4 长有钳子的蜘蛛。用蜘蛛丝封住对方的动作用螃蟹钳子杀死对方
死之沉默天使-多玛 62 2 30 20 5 司职死亡的天使，若被这家伙盯上，难逃一死
耳天使 63 2 20 30 6 巨大的耳朵和眼睛能监视周围的一切，相貌可怕的天使
神鱼 64 2 20 30 7 在水中幽雅游动的鱼神，若它发怒会很危险
单摆刃拷问机械 65 2 30 30 8 使用带有大摆子的刀刃将对方劈成两半！可怕的拷问机器呀
奈耳 66 2 20 30 9 全身长着针的鱼，从腹部下面发射导弹
牛魔人 67 2 30 20 10 住在森林里的牛魔人，用突起的角进行突袭
无脸幻想师 68 2 20 40 0 制造幻影，能轻易地躲避敌人的攻击
乌鸦天狗 69 2 20 30 1 知道各种事的天狗。据说能使用神通之力
迷宫的蠕虫 70 2 30 30 2 潜在迷路者的地下，捕食经过此处迷路的生物
粗暴帝王 71 2 40 30 3 双手所持的魔人斧的破坏力相当强
狮子王 72 2 30 20 4 浑身百兽之王般漂亮的鬃毛，身体也很庞大
猫女郎 73 2 30 20 5 用敏捷的动作躲避攻击、用锋利的钩爪袭击对方
空气吸收者 74 2 30 20 6 吸收周围的空气，使对方窒息的妖怪
海之龙王 75 2 30 30 7 海之王。长有坚硬的贝壳，从口中吐出水泡攻击			
火焰地狱犬 76 3 30 40 0 全身被火包围的魔兽，给予对方地狱之炎的处刑
真红眼黑龙 77 3 40 40 1 拥有真红之眼的黑龙。愤怒的黑炎会把映入其眼者全部烧成灰烬
黑魔术师 78 3 40 40 2 作为魔法师，攻击力·守备力都是最高级别
巨大怪鸟 79 3 30 40 3 很少见的大鸟。从空中急速下除袭击
王家守卫 80 3 30 40 4 为了守护王座而开发的，且拥有意志的机械部队
暗黑奇美拉 81 3 40 30 5 生息在魔界的怪兽。吐出暗炎攻击
密林的黑龙王 82 3 40 30 6 栖息在密林深处的漆黑龙王。咯吱咯吱的只知道啃食树木
新月龙 83 3 30 40 7 据说来自月亮，手持三日月刀的龙战士
岩石龟 84 3 20 50 8 全身由岩石做成的龟。特点是守备力非常高
千年石人 85 3 20 50 9 千年间一直在守护着王家财宝的石像
角龙 86 3 30 40 10 全身长满角的恐龙。突击攻击很强烈
织翼者 87 3 20 20 3 六翼天使操纵着人的自由和希望
红龙 88 3 30 30 4 喷射炎球将四周化为火海的真红之龙
牛鬼 89 3 30 40 5 通过黑魔术苏醒的牛之恶魔。从壶中现身
龟鸟 90 3 20 40 6 主要栖息在水中，也能在空中飞翔的珍奇乌龟
天空龙 91 3 30 40 7 有着四枚羽翼的鸟的外形的龙，用如刀刃一般的羽毛进行攻击
逆转之女神 92 3 30 40 8 利用神圣的力量守护弱者，给予弱者逆转力量的女神
半鱼兽 93 3 30 30 9 在陆地像兽一样，在海里像鱼一样都能快速攻击
邪恶骑士龙 94 3 40 30 10 寄宿在邪恶骑士之心的龙的实体化后的怪兽
冰霜腕龙 95 3 40 40 0 托迟钝的神经和感性的福，拥有被冰封却熬过冰河期的威胁性生命力。耐寒可是异常强哟					
宇宙女王 96 4 50 40 0 统治着宇宙中存在的所有星球的女王
青眼白龙 97 4 60 60 1 以高攻击力著称的传说之龙。任何对手都能粉碎，其破坏力不可估量
巨歧蜥·魔蜥义豪 98 4 50 50 2 已经精神崩溃，肉体追求更强的力量而暴走。在它身上再也找不到昔日的面影…
欧贝利斯克之巨神兵 99 4 70 60 3 埃及神话中的权力之神，战神，风暴之神，沙漠之神和外域之神
奥西里斯之天空龙 100 4 60 50 4 古埃及重要的神，他是农业的神，尼罗河洪水的控制者和黑社会的法官
太阳神之翼神龙 101 4 50 50 5 最初的埃及许多太阳神之一
元素英雄-新宇侠 102 4 50 40 6 从新宇宙来的新元素英雄。凭借与新宇宙侠接触融合，发挥未知的力量！
暗黑骑士-盖亚 103 4 50 50 7 骑着风驰电掣般的马的骑士。当心突进攻击。
星尘巨神 104 4 60 60 8 宇宙一开始出现的神，一旦被唤醒，肯定会摧毁一切
军神-提尔 105 4 50 50 9 智慧的象征，战场胜利的先觉者